5.0025  15284
5.0075  15195
5.0125  15150
5.0175  15055
5.0225  14863
5.0275  14946
5.0325  15076
5.0375  14975
5.0425  15198
5.0475  14813
5.0525  15123
5.0575  14897
5.0625  14895
5.0675  15056
5.0725  15148
5.0775  15217
5.0825  15369
5.0875  15119
5.0925  15125
5.0975  15106
5.1025  15418
5.1075  15461
5.1125  15286
5.1175  15313
5.1225  15365
5.1275  15541
5.1325  15420
5.1375  15814
5.1425  15833
5.1475  15888
5.1525  15900
5.1575  15984
5.1625  16366
5.1675  16366
5.1725  16685
5.1775  16920
5.1825  17130
5.1875  17666
5.1925  17923
5.1975  18754
5.2025  18809
5.2075  19310
5.2125  20686
5.2175  21389
5.2225  22107
5.2275  23667
5.2325  24868
5.2375  26295
5.2425  28320
5.2475  30512
5.2525  33006
5.2575  35761
5.2625  39505
5.2675  43965
5.2725  49446
5.2775  55955
5.2825  63783
5.2875  73854
5.2925  86700
5.2975  103490
5.3025  125519
5.3075  156281
5.3125  197263
5.3175  255886
5.3225  338530
5.3275  459743
5.3325  639249
5.3375  911879
5.3425  1.33416e+06
5.3475  1.99232e+06
5.3525  3.00422e+06
5.3575  4.40825e+06
5.3625  5.82876e+06
5.3675  6.34418e+06
5.3725  5.51933e+06
5.3775  4.06769e+06
5.3825  2.77082e+06
5.3875  1.85735e+06
5.3925  1.26076e+06
5.3975  874812
5.4025  621007
5.4075  450277
5.4125  334230
5.4175  254187
5.4225  196238
5.4275  155158
5.4325  126389
5.4375  104197
5.4425  87579
5.4475  74660
5.4525  64594
5.4575  56245
5.4625  49649
5.4675  44098
5.4725  39725
5.4775  36183
5.4825  32592
5.4875  30212
5.4925  27878
5.4975  25801
5.5025  24088
5.5075  22525
5.5125  21342
5.5175  20452
5.5225  19100
5.5275  18245
5.5325  17433
5.5375  16930
5.5425  16474
5.5475  15987
5.5525  15761
5.5575  14989
5.5625  14622
5.5675  14485
5.5725  14177
5.5775  13907
5.5825  13615
5.5875  13455
5.5925  13099
5.5975  12991
5.6025  12772
5.6075  12639
5.6125  12525
5.6175  12237
5.6225  12176
5.6275  12056
5.6325  11888
5.6375  11852
5.6425  11943
5.6475  11593
5.6525  11578
5.6575  11190
5.6625  11272
5.6675  11311
5.6725  11153
5.6775  11060
5.6825  11051
5.6875  10861
5.6925  10589
5.6975  10582
5.7025  10604
5.7075  10447
5.7125  10366
5.7175  10094
5.7225  10286
5.7275  10237
5.7325  9999
5.7375  9974
5.7425  9906
5.7475  9788
5.7525  9807
5.7575  9682
5.7625  9527
5.7675  9591
5.7725  9520
5.7775  9446
5.7825  9497
5.7875  9386
5.7925  9422
5.7975  9223
5.8025  9403
5.8075  9140
5.8125  9237
5.8175  8939
5.8225  9141
5.8275  8965
5.8325  9014
5.8375  8998
5.8425  8973
5.8475  8849
5.8525  8684
5.8575  8897
5.8625  8722
5.8675  8736
5.8725  8639
5.8775  8533
5.8825  8682
5.8875  8513
5.8925  8430
5.8975  8482
5.9025  8396
5.9075  8606
5.9125  8411
5.9175  8335
5.9225  8331
5.9275  8386
5.9325  8330
5.9375  8339
5.9425  8414
5.9475  8435
5.9525  8116
5.9575  8142
5.9625  8173
5.9675  7889
5.9725  8216
5.9775  8009
5.9825  8039
5.9875  7956
5.9925  7993
5.9975  8024

