-0.150469	0
-0.149531	0
-0.148594	0
-0.147656	0
-0.146719	0
-0.145781	0
-0.144844	0
-0.143906	0
-0.142969	0
-0.142031	0
-0.141094	0
-0.140156	0
-0.139219	0
-0.138281	0
-0.137344	0
-0.136406	0
-0.135469	0
-0.134531	0
-0.133594	0
-0.132656	0
-0.131719	0
-0.130781	0
-0.129844	0
-0.128906	0
-0.127969	0
-0.127031	0
-0.126094	0
-0.125156	0
-0.124219	0
-0.123281	0
-0.122344	0
-0.121406	0
-0.120469	0
-0.119531	0
-0.118594	0
-0.117656	0
-0.116719	0
-0.115781	0
-0.114844	0
-0.113906	0
-0.112969	0
-0.112031	0
-0.111094	0
-0.110156	0
-0.109219	0
-0.108281	0
-0.107344	0
-0.106406	0
-0.105469	0
-0.104531	0
-0.103594	0
-0.102656	0
-0.101719	0
-0.100781	0
-0.0998437	0
-0.0989062	0
-0.0979687	0
-0.0970312	0
-0.0960937	0
-0.0951562	0
-0.0942187	0
-0.0932812	0
-0.0923437	0
-0.0914062	0
-0.0904688	0
-0.0895312	0
-0.0885937	0
-0.0876562	0
-0.0867187	0
-0.0857812	0
-0.0848437	0
-0.0839062	0
-0.0829687	0
-0.0820312	0
-0.0810937	0
-0.0801562	0
-0.0792187	0
-0.0782812	0
-0.0773437	0
-0.0764062	0
-0.0754687	0
-0.0745312	0
-0.0735937	0
-0.0726562	0
-0.0717187	0
-0.0707812	0
-0.0698437	0
-0.0689062	0
-0.0679687	0
-0.0670313	0
-0.0660937	0
-0.0651562	0
-0.0642187	0
-0.0632812	0
-0.0623437	0
-0.0614063	0
-0.0604687	0
-0.0595313	0
-0.0585938	0
-0.0576562	0
-0.0567188	0
-0.0557812	0
-0.0548438	0
-0.0539062	0
-0.0529688	0
-0.0520312	0
-0.0510938	0
-0.0501563	0
-0.0492187	0
-0.0482813	0
-0.0473437	0
-0.0464063	0
-0.0454687	0
-0.0445313	0
-0.0435938	0
-0.0426562	0
-0.0417188	0
-0.0407812	0
-0.0398438	0
-0.0389062	0
-0.0379688	0
-0.0370313	0
-0.0360938	0
-0.0351563	0
-0.0342187	0
-0.0332813	0
-0.0323437	0
-0.0314063	0
-0.0304687	0
-0.0295312	0
-0.0285938	0
-0.0276562	0
-0.0267188	0
-0.0257812	0
-0.0248438	0
-0.0239063	0
-0.0229687	0
-0.0220312	0
-0.0210938	0
-0.0201563	0
-0.0192187	0
-0.0182812	0
-0.0173438	0
-0.0164063	0
-0.0154687	0
-0.0145312	0
-0.0135938	0
-0.0126562	0
-0.0117187	0
-0.0107813	0
-0.00984375	0
-0.00890625	0
-0.00796875	0
-0.00703125	0
-0.00609375	0
-0.00515625	0
-0.00421875	0
-0.00328125	0
-0.00234375	0
-0.00140625	0
-0.00046875	0
0.00046875	1.04263e+06
0.00140625	1.01928e+06
0.00234375	996970
0.00328125	976851
0.00421875	956275
0.00515625	933066
0.00609375	913794
0.00703125	891811
0.00796875	872891
0.00890625	851991
0.00984375	832488
0.0107813	812683
0.0117188	793903
0.0126562	775368
0.0135937	757511
0.0145313	738331
0.0154687	721894
0.0164062	703631
0.0173438	686147
0.0182813	669781
0.0192187	654676
0.0201562	638483
0.0210938	625124
0.0220313	610783
0.0229687	595591
0.0239063	581363
0.0248438	567368
0.0257812	554550
0.0267187	542165
0.0276563	529115
0.0285938	517124
0.0295312	504746
0.0304687	492418
0.0314063	481603
0.0323437	470640
0.0332812	460681
0.0342187	448680
0.0351563	437771
0.0360937	428114
0.0370312	419410
0.0379688	408915
0.0389062	400314
0.0398437	388841
0.0407812	382157
0.0417188	371552
0.0426562	364170
0.0435937	354493
0.0445313	347701
0.0454688	338879
0.0464062	331670
0.0473437	322766
0.0482813	317005
0.0492187	308917
0.0501562	301127
0.0510938	293077
0.0520313	288071
0.0529687	282235
0.0539062	274531
0.0548438	269486
0.0557812	261994
0.0567187	256491
0.0576562	251335
0.0585938	245073
0.0595312	238621
0.0604687	234668
0.0614063	229052
0.0623437	223003
0.0632812	218619
0.0642188	212355
0.0651563	208677
0.0660937	202818
0.0670313	198805
0.0679688	194106
0.0689062	189851
0.0698437	185319
0.0707813	181522
0.0717188	177320
0.0726562	173041
0.0735937	169619
0.0745313	166200
0.0754687	162031
0.0764062	157434
0.0773438	153418
0.0782813	151334
0.0792187	147127
0.0801562	144367
0.0810938	141230
0.0820313	137603
0.0829687	134484
0.0839063	131765
0.0848438	128764
0.0857812	126356
0.0867187	122901
0.0876563	120471
0.0885938	117416
0.0895312	115582
0.0904688	111984
0.0914063	109973
0.0923437	107319
0.0932812	104156
0.0942188	102639
0.0951563	99705
0.0960937	97644
0.0970312	95748
0.0979688	93661
0.0989062	91483
0.0998437	89006
0.100781	87065
0.101719	85689
0.102656	83999
0.103594	81750
0.104531	79750
0.105469	78294
0.106406	76600
0.107344	74507
0.108281	73196
0.109219	71233
0.110156	69945
0.111094	67655
0.112031	66780
0.112969	65638
0.113906	63792
0.114844	62813
0.115781	61078
0.116719	59635
0.117656	58277
0.118594	56984
0.119531	56214
0.120469	54638
0.121406	53659
0.122344	52428
0.123281	50982
0.124219	50028
0.125156	49181
0.126094	47546
0.127031	46418
0.127969	45887
0.128906	44512
0.129844	43829
0.130781	43006
0.131719	41853
0.132656	40963
0.133594	40080
0.134531	39106
0.135469	38380
0.136406	37479
0.137344	36648
0.138281	35926
0.139219	35180
0.140156	34052
0.141094	33632
0.142031	32917
0.142969	32014
0.143906	31262
0.144844	30605
0.145781	30391
0.146719	29601
0.147656	28700
0.148594	27942
0.149531	27920
0.150469	26986
0.151406	26379
0.152344	25870
0.153281	25238
0.154219	24580
0.155156	24207
0.156094	23728
0.157031	22923
0.157969	22538
0.158906	22180
0.159844	21588
0.160781	21188
0.161719	20623
0.162656	20087
0.163594	19811
0.164531	19169
0.165469	19019
0.166406	18566
0.167344	18309
0.168281	17734
0.169219	17309
0.170156	16883
0.171094	16626
0.172031	16454
0.172969	15999
0.173906	15665
0.174844	15199
0.175781	14875
0.176719	14543
0.177656	14185
0.178594	13962
0.179531	13752
0.180469	13278
0.181406	12963
0.182344	12670
0.183281	12398
0.184219	12400
0.185156	12086
0.186094	11856
0.187031	11492
0.187969	11224
0.188906	11054
0.189844	10789
0.190781	10654
0.191719	10191
0.192656	9954
0.193594	9860
0.194531	9609
0.195469	9449
0.196406	9233
0.197344	8896
0.198281	8910
0.199219	8593
0.200156	8452
0.201094	8185
0.202031	8053
0.202969	7955
0.203906	7831
0.204844	7645
0.205781	7403
0.206719	7321
0.207656	7118
0.208594	6794
0.209531	6813
0.210469	6674
0.211406	6633
0.212344	6473
0.213281	6200
0.214219	5987
0.215156	5917
0.216094	5741
0.217031	5716
0.217969	5591
0.218906	5291
0.219844	5418
0.220781	5325
0.221719	5078
0.222656	5009
0.223594	4844
0.224531	4902
0.225469	4654
0.226406	4509
0.227344	4516
0.228281	4351
0.229219	4288
0.230156	4136
0.231094	4134
0.232031	3984
0.232969	3986
0.233906	3760
0.234844	3802
0.235781	3570
0.236719	3627
0.237656	3491
0.238594	3511
0.239531	3321
0.240469	3316
0.241406	3169
0.242344	3220
0.243281	3102
0.244219	3095
0.245156	2883
0.246094	2900
0.247031	2927
0.247969	2785
0.248906	2642
0.249844	2653
0.250781	2573
0.251719	2429
0.252656	2525
0.253594	2430
0.254531	2385
0.255469	2263
0.256406	2358
0.257344	2269
0.258281	2196
0.259219	2221
0.260156	2084
0.261094	2073
0.262031	1952
0.262969	1900
0.263906	1868
0.264844	1897
0.265781	1786
0.266719	1844
0.267656	1746
0.268594	1714
0.269531	1675
0.270469	1668
0.271406	1634
0.272344	1516
0.273281	1547
0.274219	1424
0.275156	1459
0.276094	1471
0.277031	1398
0.277969	1383
0.278906	1371
0.279844	1296
0.280781	1338
0.281719	1261
0.282656	1238
0.283594	1196
0.284531	1168
0.285469	1130
0.286406	1109
0.287344	1101
0.288281	1120
0.289219	994
0.290156	1045
0.291094	1101
0.292031	1029
0.292969	907
0.293906	988
0.294844	922
0.295781	893
0.296719	897
0.297656	882
0.298594	878
0.299531	811
0.300469	802
0.301406	812
0.302344	752
0.303281	777
0.304219	746
0.305156	746
0.306094	734
0.307031	685
0.307969	722
0.308906	677
0.309844	657
0.310781	589
0.311719	672
0.312656	672
0.313594	638
0.314531	613
0.315469	560
0.316406	502
0.317344	531
0.318281	519
0.319219	527
0.320156	500
0.321094	493
0.322031	515
0.322969	500
0.323906	485
0.324844	454
0.325781	453
0.326719	399
0.327656	418
0.328594	426
0.329531	428
0.330469	409
0.331406	378
0.332344	372
0.333281	374
0.334219	382
0.335156	394
0.336094	331
0.337031	334
0.337969	348
0.338906	368
0.339844	336
0.340781	310
0.341719	321
0.342656	296
0.343594	276
0.344531	265
0.345469	267
0.346406	313
0.347344	292
0.348281	265
0.349219	267
0.350156	264
0.351094	243
0.352031	253
0.352969	231
0.353906	213
0.354844	244
0.355781	203
0.356719	218
0.357656	223
0.358594	214
0.359531	199
0.360469	178
0.361406	195
0.362344	177
0.363281	182
0.364219	176
0.365156	183
0.366094	161
0.367031	169
0.367969	168
0.368906	153
0.369844	153
0.370781	169
0.371719	145
0.372656	140
0.373594	154
0.374531	123
0.375469	142
0.376406	127
0.377344	137
0.378281	113
0.379219	111
0.380156	123
0.381094	129
0.382031	132
0.382969	99
0.383906	116
0.384844	105
0.385781	131
0.386719	98
0.387656	100
0.388594	98
0.389531	108
0.390469	117
0.391406	79
0.392344	92
0.393281	78
0.394219	86
0.395156	85
0.396094	88
0.397031	92
0.397969	83
0.398906	85
0.399844	61
0.400781	72
0.401719	68
0.402656	83
0.403594	73
0.404531	69
0.405469	83
0.406406	60
0.407344	70
0.408281	57
0.409219	60
0.410156	61
0.411094	58
0.412031	60
0.412969	67
0.413906	65
0.414844	51
0.415781	60
0.416719	45
0.417656	57
0.418594	51
0.419531	59
0.420469	42
0.421406	44
0.422344	43
0.423281	39
0.424219	43
0.425156	36
0.426094	38
0.427031	45
0.427969	39
0.428906	39
0.429844	40
0.430781	33
0.431719	44
0.432656	38
0.433594	35
0.434531	42
0.435469	33
0.436406	31
0.437344	29
0.438281	36
0.439219	36
0.440156	34
0.441094	29
0.442031	25
0.442969	32
0.443906	27
0.444844	36
0.445781	33
0.446719	17
0.447656	15
0.448594	18
0.449531	26
0.450469	33
0.451406	13
0.452344	21
0.453281	16
0.454219	14
0.455156	16
0.456094	23
0.457031	23
0.457969	18
0.458906	14
0.459844	24
0.460781	23
0.461719	16
0.462656	19
0.463594	18
0.464531	16
0.465469	21
0.466406	15
0.467344	18
0.468281	18
0.469219	15
0.470156	16
0.471094	12
0.472031	24
0.472969	15
0.473906	13
0.474844	14
0.475781	13
0.476719	14
0.477656	14
0.478594	15
0.479531	17
0.480469	17
0.481406	13
0.482344	9
0.483281	10
0.484219	7
0.485156	6
0.486094	13
0.487031	13
0.487969	14
0.488906	13
0.489844	9
0.490781	13
0.491719	11
0.492656	5
0.493594	6
0.494531	9
0.495469	4
0.496406	10
0.497344	13
0.498281	5
0.499219	7
0.500156	9
0.501094	9
0.502031	11
0.502969	9
0.503906	9
0.504844	10
0.505781	9
0.506719	10
0.507656	5
0.508594	8
0.509531	2
0.510469	7
0.511406	4
0.512344	4
0.513281	4
0.514219	5
0.515156	9
0.516094	5
0.517031	5
0.517969	4
0.518906	2
0.519844	1
0.520781	3
0.521719	7
0.522656	3
0.523594	9
0.524531	3
0.525469	3
0.526406	7
0.527344	3
0.528281	3
0.529219	4
0.530156	3
0.531094	4
0.532031	3
0.532969	2
0.533906	4
0.534844	4
0.535781	5
0.536719	6
0.537656	5
0.538594	2
0.539531	4
0.540469	1
0.541406	0
0.542344	1
0.543281	3
0.544219	1
0.545156	4
0.546094	2
0.547031	3
0.547969	3
0.548906	4
0.549844	1
0.550781	2
0.551719	3
0.552656	1
0.553594	3
0.554531	1
0.555469	0
0.556406	1
0.557344	4
0.558281	1
0.559219	0
0.560156	1
0.561094	1
0.562031	1
0.562969	3
0.563906	4
0.564844	2
0.565781	2
0.566719	1
0.567656	2
0.568594	2
0.569531	0
0.570469	1
0.571406	1
0.572344	1
0.573281	3
0.574219	0
0.575156	2
0.576094	0
0.577031	0
0.577969	3
0.578906	2
0.579844	0
0.580781	0
0.581719	2
0.582656	3
0.583594	2
0.584531	2
0.585469	2
0.586406	0
0.587344	0
0.588281	1
0.589219	0
0.590156	2
0.591094	0
0.592031	1
0.592969	0
0.593906	0
0.594844	0
0.595781	0
0.596719	1
0.597656	1
0.598594	1
