-0.050495	-0.050495	10019	0.0	100.095	-0.050495	16637	0.0	128.984	-0.050495	285367	0.0	534.198	-0.050495	28751	0.0	169.561	-0.050495	285210	0.0	534.051	-0.050495	27922	0.0	167.099	
-0.049505	-0.049505	512	0.0	22.6274	-0.049505	707	0.0	26.5895	-0.049505	6266	0.0	79.1581	-0.049505	1077	0.0	32.8177	-0.049505	6027	0.0	77.6338	-0.049505	1025	0.0	32.0156	
-0.0485149	-0.0485149	610	0.0	24.6982	-0.0485149	772	0.0	27.7849	-0.0485149	6440	0.0	80.2496	-0.0485149	1085	0.0	32.9393	-0.0485149	6364	0.0	79.7747	-0.0485149	1055	0.0	32.4808	
-0.0475248	-0.0475248	623	0.0	24.96	-0.0475248	851	0.0	29.1719	-0.0475248	7006	0.0	83.7019	-0.0475248	1138	0.0	33.7343	-0.0475248	6590	0.0	81.1788	-0.0475248	1137	0.0	33.7194	
-0.0465347	-0.0465347	692	0.0	26.3059	-0.0465347	920	0.0	30.3315	-0.0465347	7141	0.0	84.5044	-0.0465347	1241	0.0	35.2278	-0.0465347	6860	0.0	82.8251	-0.0465347	1190	0.0	34.4964	
-0.0455446	-0.0455446	738	0.0	27.1662	-0.0455446	1001	0.0	31.6386	-0.0455446	7412	0.0	86.093	-0.0455446	1285	0.0	35.8469	-0.0455446	7216	0.0	84.947	-0.0455446	1262	0.0	35.5246	
-0.0445545	-0.0445545	792	0.0	28.1425	-0.0445545	999	0.0	31.607	-0.0445545	7726	0.0	87.8977	-0.0445545	1409	0.0	37.5366	-0.0445545	7422	0.0	86.151	-0.0445545	1381	0.0	37.1618	
-0.0435644	-0.0435644	752	0.0	27.4226	-0.0435644	1118	0.0	33.4365	-0.0435644	7875	0.0	88.7412	-0.0435644	1511	0.0	38.8716	-0.0435644	7852	0.0	88.6115	-0.0435644	1469	0.0	38.3275	
-0.0425743	-0.0425743	881	0.0	29.6816	-0.0425743	1214	0.0	34.8425	-0.0425743	8467	0.0	92.0163	-0.0425743	1581	0.0	39.7618	-0.0425743	8145	0.0	90.2497	-0.0425743	1531	0.0	39.128	
-0.0415842	-0.0415842	936	0.0	30.5941	-0.0415842	1305	0.0	36.1248	-0.0415842	8793	0.0	93.771	-0.0415842	1742	0.0	41.7373	-0.0415842	8373	0.0	91.5041	-0.0415842	1701	0.0	41.2432	
-0.0405941	-0.0405941	1010	0.0	31.7805	-0.0405941	1370	0.0	37.0135	-0.0405941	9149	0.0	95.6504	-0.0405941	1905	0.0	43.6463	-0.0405941	8803	0.0	93.8243	-0.0405941	1786	0.0	42.2611	
-0.039604	-0.039604	1057	0.0	32.5115	-0.039604	1439	0.0	37.9342	-0.039604	9578	0.0	97.8673	-0.039604	1955	0.0	44.2154	-0.039604	9189	0.0	95.8593	-0.039604	1867	0.0	43.2088	
-0.0386139	-0.0386139	1199	0.0	34.6266	-0.0386139	1490	0.0	38.6005	-0.0386139	9942	0.0	99.7096	-0.0386139	2103	0.0	45.8585	-0.0386139	9677	0.0	98.3717	-0.0386139	2068	0.0	45.4753	
-0.0376238	-0.0376238	1349	0.0	36.7287	-0.0376238	1721	0.0	41.4849	-0.0376238	10726	0.0	103.566	-0.0376238	2209	0.0	47	-0.0376238	10259	0.0	101.287	-0.0376238	2136	0.0	46.2169	
-0.0366337	-0.0366337	1379	0.0	37.1349	-0.0366337	1795	0.0	42.3674	-0.0366337	11163	0.0	105.655	-0.0366337	2426	0.0	49.2544	-0.0366337	10826	0.0	104.048	-0.0366337	2360	0.0	48.5798	
-0.0356436	-0.0356436	1539	0.0	39.2301	-0.0356436	1912	0.0	43.7264	-0.0356436	11566	0.0	107.545	-0.0356436	2675	0.0	51.7204	-0.0356436	11291	0.0	106.259	-0.0356436	2579	0.0	50.7839	
-0.0346535	-0.0346535	1667	0.0	40.8289	-0.0346535	2143	0.0	46.2925	-0.0346535	12282	0.0	110.824	-0.0346535	2825	0.0	53.1507	-0.0346535	12156	0.0	110.254	-0.0346535	2753	0.0	52.469	
-0.0336634	-0.0336634	1774	0.0	42.1189	-0.0336634	2268	0.0	47.6235	-0.0336634	13163	0.0	114.73	-0.0336634	3011	0.0	54.8726	-0.0336634	12689	0.0	112.645	-0.0336634	2955	0.0	54.3599	
-0.0326733	-0.0326733	1956	0.0	44.2267	-0.0326733	2491	0.0	49.9099	-0.0326733	13835	0.0	117.622	-0.0326733	3222	0.0	56.7627	-0.0326733	13333	0.0	115.469	-0.0326733	3132	0.0	55.9643	
-0.0316832	-0.0316832	2203	0.0	46.9361	-0.0316832	2739	0.0	52.3355	-0.0316832	14658	0.0	121.07	-0.0316832	3572	0.0	59.7662	-0.0316832	14341	0.0	119.754	-0.0316832	3394	0.0	58.258	
-0.0306931	-0.0306931	2320	0.0	48.1664	-0.0306931	2863	0.0	53.507	-0.0306931	15846	0.0	125.881	-0.0306931	3761	0.0	61.327	-0.0306931	15380	0.0	124.016	-0.0306931	3671	0.0	60.5888	
-0.029703	-0.029703	2633	0.0	51.3128	-0.029703	3182	0.0	56.4092	-0.029703	16797	0.0	129.603	-0.029703	4111	0.0	64.1171	-0.029703	16108	0.0	126.917	-0.029703	3962	0.0	62.9444	
-0.0287129	-0.0287129	2847	0.0	53.3573	-0.0287129	3385	0.0	58.1808	-0.0287129	17825	0.0	133.51	-0.0287129	4437	0.0	66.6108	-0.0287129	17504	0.0	132.303	-0.0287129	4289	0.0	65.4905	
-0.0277228	-0.0277228	3141	0.0	56.0446	-0.0277228	3664	0.0	60.531	-0.0277228	19054	0.0	138.036	-0.0277228	4740	0.0	68.8477	-0.0277228	18423	0.0	135.731	-0.0277228	4592	0.0	67.7643	
-0.0267327	-0.0267327	3458	0.0	58.8048	-0.0267327	4088	0.0	63.9375	-0.0267327	20683	0.0	143.816	-0.0267327	5328	0.0	72.9932	-0.0267327	20088	0.0	141.732	-0.0267327	5018	0.0	70.8378	
-0.0257426	-0.0257426	3971	0.0	63.0159	-0.0257426	4537	0.0	67.3573	-0.0257426	22403	0.0	149.676	-0.0257426	5798	0.0	76.1446	-0.0257426	21851	0.0	147.821	-0.0257426	5570	0.0	74.6324	
-0.0247525	-0.0247525	4223	0.0	64.9846	-0.0247525	5128	0.0	71.6101	-0.0247525	24235	0.0	155.676	-0.0247525	6396	0.0	79.975	-0.0247525	23781	0.0	154.211	-0.0247525	6278	0.0	79.2338	
-0.0237624	-0.0237624	4892	0.0	69.9428	-0.0237624	5511	0.0	74.2361	-0.0237624	26554	0.0	162.954	-0.0237624	7041	0.0	83.9107	-0.0237624	25555	0.0	159.859	-0.0237624	6821	0.0	82.5893	
-0.0227723	-0.0227723	5670	0.0	75.2994	-0.0227723	6280	0.0	79.2465	-0.0227723	28891	0.0	169.974	-0.0227723	8076	0.0	89.8666	-0.0227723	28204	0.0	167.94	-0.0227723	7761	0.0	88.0965	
-0.0217822	-0.0217822	6544	0.0	80.895	-0.0217822	7133	0.0	84.4571	-0.0217822	31465	0.0	177.384	-0.0217822	8726	0.0	93.4131	-0.0217822	30965	0.0	175.969	-0.0217822	8411	0.0	91.7115	
-0.0207921	-0.0207921	7350	0.0	85.7321	-0.0207921	8163	0.0	90.3493	-0.0207921	34972	0.0	187.008	-0.0207921	9891	0.0	99.4535	-0.0207921	34014	0.0	184.429	-0.0207921	9619	0.0	98.0765	
-0.019802	-0.019802	8740	0.0	93.488	-0.019802	9254	0.0	96.1977	-0.019802	39235	0.0	198.078	-0.019802	11267	0.0	106.146	-0.019802	38084	0.0	195.151	-0.019802	10966	0.0	104.719	
-0.0188119	-0.0188119	10312	0.0	101.548	-0.0188119	10666	0.0	103.276	-0.0188119	43645	0.0	208.914	-0.0188119	13019	0.0	114.101	-0.0188119	42648	0.0	206.514	-0.0188119	12636	0.0	112.41	
-0.0178218	-0.0178218	12164	0.0	110.291	-0.0178218	12463	0.0	111.638	-0.0178218	49271	0.0	221.971	-0.0178218	15210	0.0	123.329	-0.0178218	47956	0.0	218.989	-0.0178218	14686	0.0	121.186	
-0.0168317	-0.0168317	14789	0.0	121.61	-0.0168317	14762	0.0	121.499	-0.0168317	55585	0.0	235.765	-0.0168317	17727	0.0	133.143	-0.0168317	54495	0.0	233.442	-0.0168317	17184	0.0	131.088	
-0.0158416	-0.0158416	18038	0.0	134.306	-0.0158416	17649	0.0	132.85	-0.0158416	64531	0.0	254.03	-0.0158416	20858	0.0	144.423	-0.0158416	63216	0.0	251.428	-0.0158416	20342	0.0	142.625	
-0.0148515	-0.0148515	22439	0.0	149.797	-0.0148515	21628	0.0	147.065	-0.0148515	74146	0.0	272.298	-0.0148515	24870	0.0	157.702	-0.0148515	72684	0.0	269.6	-0.0148515	24242	0.0	155.698	
-0.0138614	-0.0138614	28229	0.0	168.015	-0.0138614	26551	0.0	162.945	-0.0138614	87170	0.0	295.246	-0.0138614	30298	0.0	174.063	-0.0138614	85570	0.0	292.524	-0.0138614	29602	0.0	172.052	
-0.0128713	-0.0128713	36622	0.0	191.369	-0.0128713	34051	0.0	184.529	-0.0128713	103749	0.0	322.101	-0.0128713	37865	0.0	194.589	-0.0128713	101702	0.0	318.908	-0.0128713	36917	0.0	192.138	
-0.0118812	-0.0118812	47733	0.0	218.479	-0.0118812	44079	0.0	209.95	-0.0118812	126230	0.0	355.289	-0.0118812	47823	0.0	218.685	-0.0118812	124020	0.0	352.165	-0.0118812	47037	0.0	216.88	
-0.0108911	-0.0108911	64920	0.0	254.794	-0.0108911	59041	0.0	242.984	-0.0108911	156084	0.0	395.075	-0.0108911	62785	0.0	250.569	-0.0108911	153965	0.0	392.384	-0.0108911	61496	0.0	247.984	
-0.00990099	-0.00990099	90363	0.0	300.604	-0.00990099	82143	0.0	286.606	-0.00990099	198207	0.0	445.204	-0.00990099	84997	0.0	291.542	-0.00990099	194907	0.0	441.483	-0.00990099	83797	0.0	289.477	
-0.00891089	-0.00891089	130332	0.0	361.015	-0.00891089	118362	0.0	344.038	-0.00891089	257361	0.0	507.308	-0.00891089	119814	0.0	346.142	-0.00891089	254365	0.0	504.346	-0.00891089	118176	0.0	343.767	
-0.00792079	-0.00792079	195405	0.0	442.046	-0.00792079	179109	0.0	423.213	-0.00792079	348234	0.0	590.114	-0.00792079	177530	0.0	421.343	-0.00792079	344838	0.0	587.229	-0.00792079	175929	0.0	419.439	
-0.00693069	-0.00693069	305942	0.0	553.12	-0.00693069	285671	0.0	534.482	-0.00693069	486795	0.0	697.707	-0.00693069	278025	0.0	527.281	-0.00693069	482578	0.0	694.678	-0.00693069	275475	0.0	524.857	
-0.00594059	-0.00594059	501328	0.0	708.045	-0.00594059	480165	0.0	692.939	-0.00594059	707285	0.0	841.002	-0.00594059	458303	0.0	676.981	-0.00594059	702725	0.0	838.287	-0.00594059	455843	0.0	675.161	
-0.0049505	-0.0049505	853192	0.0	923.684	-0.0049505	840221	0.0	916.636	-0.0049505	1.06937e+06	0.0	1034.1	-0.0049505	797830	0.0	893.213	-0.0049505	1.06358e+06	0.0	1031.3	-0.0049505	794434	0.0	891.31	
-0.0039604	-0.0039604	1.50293e+06	0.0	1225.94	-0.0039604	1.52046e+06	0.0	1233.07	-0.0039604	1.67053e+06	0.0	1292.49	-0.0039604	1.44974e+06	0.0	1204.05	-0.0039604	1.66497e+06	0.0	1290.34	-0.0039604	1.44671e+06	0.0	1202.79	
-0.0029703	-0.0029703	2.67439e+06	0.0	1635.36	-0.0029703	2.77276e+06	0.0	1665.16	-0.0029703	2.64481e+06	0.0	1626.29	-0.0029703	2.66584e+06	0.0	1632.74	-0.0029703	2.63746e+06	0.0	1624.02	-0.0029703	2.66475e+06	0.0	1632.41	
-0.0019802	-0.0019802	4.58514e+06	0.0	2141.29	-0.0019802	4.83561e+06	0.0	2199	-0.0019802	4.08173e+06	0.0	2020.33	-0.0019802	4.70118e+06	0.0	2168.22	-0.0019802	4.07891e+06	0.0	2019.63	-0.0019802	4.70316e+06	0.0	2168.68	
-0.000990099	-0.000990099	6.94463e+06	0.0	2635.27	-0.000990099	7.39775e+06	0.0	2719.88	-0.000990099	5.74182e+06	0.0	2396.21	-0.000990099	7.25412e+06	0.0	2693.35	-0.000990099	5.7437e+06	0.0	2396.6	-0.000990099	7.26516e+06	0.0	2695.4	
-4.33681e-19	-4.33681e-19	8.23419e+06	0.0	2869.53	-4.33681e-19	8.71603e+06	0.0	2952.29	-4.33681e-19	6.66051e+06	0.0	2580.8	-4.33681e-19	8.62543e+06	0.0	2936.91	-4.33681e-19	6.67685e+06	0.0	2583.96	-4.33681e-19	8.64137e+06	0.0	2939.62	
0.000990099	0.000990099	7.13312e+06	0.0	2670.79	0.000990099	7.30051e+06	0.0	2701.95	0.000990099	5.98424e+06	0.0	2446.27	0.000990099	7.35603e+06	0.0	2712.2	0.000990099	6.0079e+06	0.0	2451.1	0.000990099	7.37013e+06	0.0	2714.8	
0.0019802	0.0019802	4.81233e+06	0.0	2193.7	0.0019802	4.72352e+06	0.0	2173.37	0.0019802	4.39983e+06	0.0	2097.58	0.0019802	4.78841e+06	0.0	2188.24	0.0019802	4.41496e+06	0.0	2101.18	0.0019802	4.7951e+06	0.0	2189.77	
0.0029703	0.0029703	2.84944e+06	0.0	1688.03	0.0029703	2.66589e+06	0.0	1632.76	0.0029703	2.92325e+06	0.0	1709.75	0.0029703	2.70717e+06	0.0	1645.35	0.0029703	2.93393e+06	0.0	1712.87	0.0029703	2.70879e+06	0.0	1645.84	
0.0039604	0.0039604	1.61018e+06	0.0	1268.93	0.0039604	1.42548e+06	0.0	1193.93	0.0039604	1.87183e+06	0.0	1368.15	0.0039604	1.44928e+06	0.0	1203.86	0.0039604	1.87943e+06	0.0	1370.92	0.0039604	1.44836e+06	0.0	1203.48	
0.0049505	0.0049505	914361	0.0	956.222	0.0049505	758856	0.0	871.123	0.0049505	1.2061e+06	0.0	1098.23	0.0049505	785943	0.0	886.534	0.0049505	1.21014e+06	0.0	1100.06	0.0049505	783075	0.0	884.915	
0.00594059	0.00594059	535020	0.0	731.451	0.00594059	414162	0.0	643.554	0.00594059	792977	0.0	890.493	0.00594059	442307	0.0	665.062	0.00594059	795477	0.0	891.895	0.00594059	440537	0.0	663.73	
0.00693069	0.00693069	327222	0.0	572.033	0.00693069	234640	0.0	484.397	0.00693069	540399	0.0	735.118	0.00693069	262185	0.0	512.04	0.00693069	541807	0.0	736.075	0.00693069	260236	0.0	510.133	
0.00792079	0.00792079	209126	0.0	457.303	0.00792079	138982	0.0	372.803	0.00792079	382928	0.0	618.812	0.00792079	164956	0.0	406.148	0.00792079	382630	0.0	618.571	0.00792079	163294	0.0	404.097	
0.00891089	0.00891089	140198	0.0	374.43	0.00891089	85257	0.0	291.988	0.00891089	279413	0.0	528.595	0.00891089	110150	0.0	331.889	0.00891089	279958	0.0	529.111	0.00891089	108456	0.0	329.327	
0.00990099	0.00990099	97680	0.0	312.538	0.00990099	55194	0.0	234.934	0.00990099	212225	0.0	460.679	0.00990099	77284	0.0	278	0.00990099	211105	0.0	459.462	0.00990099	75881	0.0	275.465	
0.0108911	0.0108911	71365	0.0	267.142	0.0108911	37219	0.0	192.922	0.0108911	165513	0.0	406.833	0.0108911	56096	0.0	236.846	0.0108911	164805	0.0	405.962	0.0108911	54918	0.0	234.346	
0.0118812	0.0118812	53359	0.0	230.996	0.0118812	25589	0.0	159.966	0.0118812	132342	0.0	363.788	0.0118812	42399	0.0	205.91	0.0118812	132010	0.0	363.332	0.0118812	41583	0.0	203.919	
0.0128713	0.0128713	41257	0.0	203.118	0.0128713	18582	0.0	136.316	0.0128713	109273	0.0	330.565	0.0128713	33410	0.0	182.784	0.0128713	108751	0.0	329.774	0.0128713	32652	0.0	180.699	
0.0138614	0.0138614	32740	0.0	180.942	0.0138614	13513	0.0	116.245	0.0138614	90338	0.0	300.563	0.0138614	26456	0.0	162.653	0.0138614	89496	0.0	299.159	0.0138614	25684	0.0	160.262	
0.0148515	0.0148515	26735	0.0	163.508	0.0148515	10264	0.0	101.311	0.0148515	77278	0.0	277.989	0.0148515	21663	0.0	147.184	0.0148515	76029	0.0	275.734	0.0148515	20894	0.0	144.548	
0.0158416	0.0158416	22408	0.0	149.693	0.0158416	7817	0.0	88.4138	0.0158416	66058	0.0	257.018	0.0158416	17964	0.0	134.03	0.0158416	65374	0.0	255.683	0.0158416	17450	0.0	132.098	
0.0168317	0.0168317	19004	0.0	137.855	0.0168317	6150	0.0	78.4219	0.0168317	57102	0.0	238.96	0.0168317	15145	0.0	123.065	0.0168317	56740	0.0	238.202	0.0168317	14548	0.0	120.615	
0.0178218	0.0178218	16551	0.0	128.651	0.0178218	4936	0.0	70.2567	0.0178218	50420	0.0	224.544	0.0178218	13078	0.0	114.359	0.0178218	49674	0.0	222.877	0.0178218	12607	0.0	112.281	
0.0188119	0.0188119	14459	0.0	120.246	0.0188119	4122	0.0	64.2028	0.0188119	44854	0.0	211.788	0.0188119	11223	0.0	105.939	0.0188119	44307	0.0	210.492	0.0188119	10866	0.0	104.24	
0.019802	0.019802	12775	0.0	113.027	0.019802	3413	0.0	58.4209	0.019802	39896	0.0	199.74	0.019802	9880	0.0	99.3982	0.019802	39535	0.0	198.834	0.019802	9459	0.0	97.2574	
0.0207921	0.0207921	11406	0.0	106.799	0.0207921	2832	0.0	53.2165	0.0207921	35700	0.0	188.944	0.0207921	8722	0.0	93.3916	0.0207921	35000	0.0	187.083	0.0207921	8355	0.0	91.4057	
0.0217822	0.0217822	10277	0.0	101.376	0.0217822	2489	0.0	49.8899	0.0217822	32065	0.0	179.067	0.0217822	7854	0.0	88.6228	0.0217822	31698	0.0	178.039	0.0217822	7504	0.0	86.6256	
0.0227723	0.0227723	9692	0.0	98.448	0.0227723	2151	0.0	46.3789	0.0227723	29221	0.0	170.942	0.0227723	6803	0.0	82.4803	0.0227723	28722	0.0	169.476	0.0227723	6591	0.0	81.185	
0.0237624	0.0237624	8772	0.0	93.659	0.0237624	1860	0.0	43.1277	0.0237624	26768	0.0	163.609	0.0237624	6159	0.0	78.4793	0.0237624	26139	0.0	161.676	0.0237624	5943	0.0	77.0909	
0.0247525	0.0247525	8348	0.0	91.3674	0.0247525	1703	0.0	41.2674	0.0247525	24378	0.0	156.135	0.0247525	5779	0.0	76.0197	0.0247525	23792	0.0	154.247	0.0247525	5415	0.0	73.5867	
0.0257426	0.0257426	7741	0.0	87.983	0.0257426	1584	0.0	39.7995	0.0257426	22497	0.0	149.99	0.0257426	5011	0.0	70.7884	0.0257426	21987	0.0	148.28	0.0257426	4856	0.0	69.685	
0.0267327	0.0267327	7144	0.0	84.5222	0.0267327	1431	0.0	37.8286	0.0267327	20417	0.0	142.888	0.0267327	4569	0.0	67.5944	0.0267327	20088	0.0	141.732	0.0267327	4401	0.0	66.34	
0.0277228	0.0277228	6861	0.0	82.8312	0.0277228	1248	0.0	35.327	0.0277228	19157	0.0	138.409	0.0277228	4338	0.0	65.8635	0.0277228	18609	0.0	136.415	0.0277228	4090	0.0	63.9531	
0.0287129	0.0287129	6506	0.0	80.6598	0.0287129	1196	0.0	34.5832	0.0287129	17802	0.0	133.424	0.0287129	3967	0.0	62.9841	0.0287129	17412	0.0	131.955	0.0287129	3786	0.0	61.5305	
0.029703	0.029703	6076	0.0	77.9487	0.029703	1067	0.0	32.665	0.029703	16739	0.0	129.379	0.029703	3635	0.0	60.291	0.029703	16432	0.0	128.187	0.029703	3524	0.0	59.3633	
0.0306931	0.0306931	5896	0.0	76.7854	0.0306931	1000	0.0	31.6228	0.0306931	15623	0.0	124.992	0.0306931	3268	0.0	57.1664	0.0306931	15127	0.0	122.992	0.0306931	3163	0.0	56.2406	
0.0316832	0.0316832	5809	0.0	76.2168	0.0316832	945	0.0	30.7409	0.0316832	14789	0.0	121.61	0.0316832	3132	0.0	55.9643	0.0316832	14378	0.0	119.908	0.0316832	3001	0.0	54.7814	
0.0326733	0.0326733	5546	0.0	74.4715	0.0326733	884	0.0	29.7321	0.0326733	13743	0.0	117.231	0.0326733	2862	0.0	53.4977	0.0326733	13660	0.0	116.876	0.0326733	2805	0.0	52.9623	
0.0336634	0.0336634	5225	0.0	72.2842	0.0336634	835	0.0	28.8964	0.0336634	12931	0.0	113.715	0.0336634	2743	0.0	52.3737	0.0336634	12710	0.0	112.739	0.0336634	2602	0.0	51.0098	
0.0346535	0.0346535	4911	0.0	70.0785	0.0346535	729	0.0	27	0.0346535	12433	0.0	111.503	0.0346535	2580	0.0	50.7937	0.0346535	12003	0.0	109.558	0.0346535	2488	0.0	49.8799	
0.0356436	0.0356436	4753	0.0	68.942	0.0356436	753	0.0	27.4408	0.0356436	11676	0.0	108.056	0.0356436	2402	0.0	49.0102	0.0356436	11414	0.0	106.836	0.0356436	2299	0.0	47.9479	
0.0366337	0.0366337	4608	0.0	67.8823	0.0366337	719	0.0	26.8142	0.0366337	11070	0.0	105.214	0.0366337	2345	0.0	48.4252	0.0366337	10874	0.0	104.278	0.0366337	2241	0.0	47.3392	
0.0376238	0.0376238	4449	0.0	66.7008	0.0376238	703	0.0	26.5141	0.0376238	10474	0.0	102.343	0.0376238	2102	0.0	45.8476	0.0376238	10396	0.0	101.961	0.0376238	2117	0.0	46.0109	
0.0386139	0.0386139	4392	0.0	66.2722	0.0386139	665	0.0	25.7876	0.0386139	10070	0.0	100.349	0.0386139	2011	0.0	44.8442	0.0386139	9941	0.0	99.7046	0.0386139	1909	0.0	43.6921	
0.039604	0.039604	4109	0.0	64.1015	0.039604	654	0.0	25.5734	0.039604	9570	0.0	97.8264	0.039604	1943	0.0	44.0795	0.039604	9412	0.0	97.0155	0.039604	1898	0.0	43.566	
0.0405941	0.0405941	4024	0.0	63.435	0.0405941	649	0.0	25.4755	0.0405941	9222	0.0	96.0312	0.0405941	1855	0.0	43.0697	0.0405941	9025	0.0	95	0.0405941	1800	0.0	42.4264	
0.0415842	0.0415842	3901	0.0	62.458	0.0415842	574	0.0	23.9583	0.0415842	8858	0.0	94.1169	0.0415842	1765	0.0	42.0119	0.0415842	8660	0.0	93.0591	0.0415842	1680	0.0	40.9878	
0.0425743	0.0425743	3719	0.0	60.9836	0.0425743	591	0.0	24.3105	0.0425743	8355	0.0	91.4057	0.0425743	1660	0.0	40.7431	0.0425743	8216	0.0	90.6422	0.0425743	1604	0.0	40.05	
0.0435644	0.0435644	3624	0.0	60.1997	0.0435644	496	0.0	22.2711	0.0435644	7954	0.0	89.1852	0.0435644	1557	0.0	39.4588	0.0435644	7687	0.0	87.6755	0.0435644	1496	0.0	38.6782	
0.0445545	0.0445545	3438	0.0	58.6345	0.0445545	520	0.0	22.8035	0.0445545	7775	0.0	88.176	0.0445545	1438	0.0	37.921	0.0445545	7416	0.0	86.1162	0.0445545	1427	0.0	37.7757	
0.0455446	0.0455446	3414	0.0	58.4294	0.0455446	515	0.0	22.6936	0.0455446	7388	0.0	85.9535	0.0455446	1412	0.0	37.5766	0.0455446	7231	0.0	85.0353	0.0455446	1331	0.0	36.4829	
0.0465347	0.0465347	3378	0.0	58.1206	0.0465347	472	0.0	21.7256	0.0465347	7175	0.0	84.7054	0.0465347	1402	0.0	37.4433	0.0465347	6926	0.0	83.2226	0.0465347	1374	0.0	37.0675	
0.0475248	0.0475248	3163	0.0	56.2406	0.0475248	475	0.0	21.7945	0.0475248	6820	0.0	82.5833	0.0475248	1255	0.0	35.426	0.0475248	6825	0.0	82.6136	0.0475248	1223	0.0	34.9714	
0.0485149	0.0485149	3150	0.0	56.1249	0.0485149	461	0.0	21.4709	0.0485149	6698	0.0	81.8413	0.0485149	1212	0.0	34.8138	0.0485149	6495	0.0	80.5916	0.0485149	1186	0.0	34.4384	
