-0.150469	0
-0.149531	0
-0.148594	0
-0.147656	0
-0.146719	0
-0.145781	0
-0.144844	0
-0.143906	0
-0.142969	0
-0.142031	0
-0.141094	0
-0.140156	0
-0.139219	0
-0.138281	0
-0.137344	0
-0.136406	0
-0.135469	0
-0.134531	0
-0.133594	0
-0.132656	0
-0.131719	0
-0.130781	0
-0.129844	0
-0.128906	0
-0.127969	0
-0.127031	0
-0.126094	0
-0.125156	0
-0.124219	0
-0.123281	0
-0.122344	0
-0.121406	0
-0.120469	0
-0.119531	0
-0.118594	0
-0.117656	0
-0.116719	0
-0.115781	0
-0.114844	0
-0.113906	0
-0.112969	0
-0.112031	0
-0.111094	0
-0.110156	0
-0.109219	0
-0.108281	0
-0.107344	0
-0.106406	0
-0.105469	0
-0.104531	0
-0.103594	0
-0.102656	0
-0.101719	0
-0.100781	0
-0.0998437	0
-0.0989062	0
-0.0979687	0
-0.0970312	0
-0.0960937	0
-0.0951562	0
-0.0942187	0
-0.0932812	0
-0.0923437	0
-0.0914062	0
-0.0904688	0
-0.0895312	0
-0.0885937	0
-0.0876562	0
-0.0867187	0
-0.0857812	0
-0.0848437	0
-0.0839062	0
-0.0829687	0
-0.0820312	0
-0.0810937	0
-0.0801562	0
-0.0792187	0
-0.0782812	0
-0.0773437	0
-0.0764062	0
-0.0754687	0
-0.0745312	0
-0.0735937	0
-0.0726562	0
-0.0717187	0
-0.0707812	0
-0.0698437	0
-0.0689062	0
-0.0679687	0
-0.0670313	0
-0.0660937	0
-0.0651562	0
-0.0642187	0
-0.0632812	0
-0.0623437	0
-0.0614063	0
-0.0604687	0
-0.0595313	0
-0.0585938	0
-0.0576562	0
-0.0567188	0
-0.0557812	0
-0.0548438	0
-0.0539062	0
-0.0529688	0
-0.0520312	0
-0.0510938	0
-0.0501563	0
-0.0492187	0
-0.0482813	0
-0.0473437	0
-0.0464063	0
-0.0454687	0
-0.0445313	0
-0.0435938	0
-0.0426562	0
-0.0417188	0
-0.0407812	0
-0.0398438	0
-0.0389062	0
-0.0379688	0
-0.0370313	0
-0.0360938	0
-0.0351563	0
-0.0342187	0
-0.0332813	0
-0.0323437	0
-0.0314063	0
-0.0304687	0
-0.0295312	0
-0.0285938	0
-0.0276562	0
-0.0267188	0
-0.0257812	0
-0.0248438	0
-0.0239063	0
-0.0229687	0
-0.0220312	0
-0.0210938	0
-0.0201563	0
-0.0192187	0
-0.0182812	0
-0.0173438	0
-0.0164063	0
-0.0154687	0
-0.0145312	0
-0.0135938	0
-0.0126562	0
-0.0117187	0
-0.0107813	0
-0.00984375	0
-0.00890625	0
-0.00796875	0
-0.00703125	0
-0.00609375	0
-0.00515625	0
-0.00421875	0
-0.00328125	0
-0.00234375	0
-0.00140625	0
-0.00046875	0
0.00046875	168333
0.00140625	164852
0.00234375	161374
0.00328125	158329
0.00421875	154693
0.00515625	151423
0.00609375	147304
0.00703125	144443
0.00796875	141610
0.00890625	138288
0.00984375	134836
0.0107813	132209
0.0117188	129325
0.0126562	126982
0.0135937	124338
0.0145313	120679
0.0154687	118498
0.0164062	115329
0.0173438	111812
0.0182813	109688
0.0192187	107741
0.0201562	104903
0.0210938	102975
0.0220313	100851
0.0229687	98070
0.0239063	96173
0.0248438	94046
0.0257812	91904
0.0267187	90321
0.0276563	87630
0.0285938	85913
0.0295312	83987
0.0304687	81979
0.0314063	80611
0.0323437	78609
0.0332812	77070
0.0342187	74582
0.0351563	72967
0.0360937	71675
0.0370312	70195
0.0379688	68099
0.0389062	67084
0.0398437	65056
0.0407812	64254
0.0417188	62125
0.0426562	61082
0.0435937	59612
0.0445313	58516
0.0454688	57082
0.0464062	55905
0.0473437	54073
0.0482813	53301
0.0492187	51692
0.0501562	50357
0.0510938	49209
0.0520313	48556
0.0529687	47401
0.0539062	46371
0.0548438	45403
0.0557812	44369
0.0567187	43312
0.0576562	42351
0.0585938	41643
0.0595312	40206
0.0604687	40026
0.0614063	38836
0.0623437	37839
0.0632812	36832
0.0642188	35935
0.0651563	35300
0.0660937	34324
0.0670313	33578
0.0679688	32813
0.0689062	31926
0.0698437	31486
0.0707813	30729
0.0717188	30224
0.0726562	29448
0.0735937	28690
0.0745313	28279
0.0754687	27573
0.0764062	26789
0.0773438	26165
0.0782813	25981
0.0792187	24709
0.0801562	24407
0.0810938	23711
0.0820313	23296
0.0829687	23008
0.0839063	22297
0.0848438	21957
0.0857812	21723
0.0867187	21054
0.0876563	20581
0.0885938	19836
0.0895312	19664
0.0904688	19398
0.0914063	18704
0.0923437	18151
0.0932812	17752
0.0942188	17395
0.0951563	16987
0.0960937	16605
0.0970312	16267
0.0979688	15921
0.0989062	15826
0.0998437	15285
0.100781	14708
0.101719	14574
0.102656	14386
0.103594	13766
0.104531	13554
0.105469	13388
0.106406	13133
0.107344	12752
0.108281	12559
0.109219	12410
0.110156	11950
0.111094	11562
0.112031	11477
0.112969	11217
0.113906	10858
0.114844	10726
0.115781	10417
0.116719	10306
0.117656	9880
0.118594	9868
0.119531	9741
0.120469	9354
0.121406	9145
0.122344	8801
0.123281	8713
0.124219	8555
0.125156	8578
0.126094	8186
0.127031	7888
0.127969	7751
0.128906	7579
0.129844	7489
0.130781	7372
0.131719	7187
0.132656	6946
0.133594	6859
0.134531	6517
0.135469	6452
0.136406	6242
0.137344	6179
0.138281	6161
0.139219	5931
0.140156	5851
0.141094	5746
0.142031	5603
0.142969	5530
0.143906	5307
0.144844	5279
0.145781	5148
0.146719	5037
0.147656	4865
0.148594	4740
0.149531	4756
0.150469	4607
0.151406	4532
0.152344	4469
0.153281	4270
0.154219	4302
0.155156	4169
0.156094	3997
0.157031	3816
0.157969	3834
0.158906	3743
0.159844	3609
0.160781	3591
0.161719	3520
0.162656	3482
0.163594	3304
0.164531	3222
0.165469	3182
0.166406	3150
0.167344	3162
0.168281	3097
0.169219	2827
0.170156	2863
0.171094	2761
0.172031	2762
0.172969	2660
0.173906	2692
0.174844	2566
0.175781	2467
0.176719	2404
0.177656	2367
0.178594	2388
0.179531	2203
0.180469	2328
0.181406	2245
0.182344	2190
0.183281	2117
0.184219	2110
0.185156	1990
0.186094	1933
0.187031	1948
0.187969	1934
0.188906	1878
0.189844	1795
0.190781	1748
0.191719	1747
0.192656	1674
0.193594	1648
0.194531	1691
0.195469	1586
0.196406	1569
0.197344	1467
0.198281	1536
0.199219	1426
0.200156	1445
0.201094	1385
0.202031	1311
0.202969	1322
0.203906	1362
0.204844	1293
0.205781	1312
0.206719	1193
0.207656	1211
0.208594	1207
0.209531	1159
0.210469	1130
0.211406	1122
0.212344	1083
0.213281	1042
0.214219	1028
0.215156	1002
0.216094	971
0.217031	964
0.217969	900
0.218906	840
0.219844	899
0.220781	851
0.221719	816
0.222656	807
0.223594	799
0.224531	790
0.225469	784
0.226406	740
0.227344	742
0.228281	686
0.229219	728
0.230156	731
0.231094	698
0.232031	674
0.232969	684
0.233906	628
0.234844	632
0.235781	573
0.236719	642
0.237656	577
0.238594	604
0.239531	550
0.240469	605
0.241406	502
0.242344	536
0.243281	488
0.244219	494
0.245156	441
0.246094	451
0.247031	450
0.247969	462
0.248906	416
0.249844	441
0.250781	430
0.251719	415
0.252656	409
0.253594	407
0.254531	404
0.255469	387
0.256406	384
0.257344	361
0.258281	378
0.259219	362
0.260156	346
0.261094	331
0.262031	322
0.262969	288
0.263906	292
0.264844	310
0.265781	272
0.266719	307
0.267656	299
0.268594	287
0.269531	259
0.270469	298
0.271406	307
0.272344	259
0.273281	238
0.274219	204
0.275156	240
0.276094	283
0.277031	233
0.277969	243
0.278906	183
0.279844	217
0.280781	194
0.281719	197
0.282656	189
0.283594	196
0.284531	192
0.285469	186
0.286406	173
0.287344	162
0.288281	180
0.289219	158
0.290156	152
0.291094	166
0.292031	162
0.292969	142
0.293906	149
0.294844	160
0.295781	147
0.296719	150
0.297656	143
0.298594	137
0.299531	134
0.300469	137
0.301406	137
0.302344	113
0.303281	111
0.304219	121
0.305156	118
0.306094	116
0.307031	108
0.307969	115
0.308906	114
0.309844	100
0.310781	106
0.311719	114
0.312656	95
0.313594	97
0.314531	101
0.315469	72
0.316406	93
0.317344	73
0.318281	78
0.319219	84
0.320156	83
0.321094	94
0.322031	93
0.322969	67
0.323906	76
0.324844	66
0.325781	67
0.326719	58
0.327656	72
0.328594	68
0.329531	63
0.330469	56
0.331406	58
0.332344	66
0.333281	49
0.334219	57
0.335156	60
0.336094	53
0.337031	52
0.337969	66
0.338906	51
0.339844	52
0.340781	59
0.341719	58
0.342656	49
0.343594	32
0.344531	40
0.345469	46
0.346406	50
0.347344	37
0.348281	40
0.349219	46
0.350156	52
0.351094	30
0.352031	37
0.352969	30
0.353906	28
0.354844	28
0.355781	32
0.356719	36
0.357656	34
0.358594	37
0.359531	26
0.360469	33
0.361406	22
0.362344	28
0.363281	31
0.364219	23
0.365156	17
0.366094	27
0.367031	25
0.367969	26
0.368906	26
0.369844	21
0.370781	32
0.371719	19
0.372656	23
0.373594	22
0.374531	18
0.375469	14
0.376406	23
0.377344	24
0.378281	18
0.379219	15
0.380156	19
0.381094	25
0.382031	21
0.382969	11
0.383906	14
0.384844	17
0.385781	18
0.386719	12
0.387656	15
0.388594	9
0.389531	15
0.390469	15
0.391406	6
0.392344	10
0.393281	11
0.394219	12
0.395156	15
0.396094	12
0.397031	14
0.397969	13
0.398906	9
0.399844	8
0.400781	14
0.401719	8
0.402656	12
0.403594	11
0.404531	7
0.405469	12
0.406406	13
0.407344	9
0.408281	2
0.409219	8
0.410156	6
0.411094	10
0.412031	4
0.412969	11
0.413906	13
0.414844	4
0.415781	12
0.416719	5
0.417656	12
0.418594	9
0.419531	11
0.420469	6
0.421406	5
0.422344	4
0.423281	4
0.424219	4
0.425156	5
0.426094	5
0.427031	5
0.427969	4
0.428906	5
0.429844	3
0.430781	8
0.431719	6
0.432656	6
0.433594	2
0.434531	6
0.435469	6
0.436406	2
0.437344	3
0.438281	5
0.439219	3
0.440156	5
0.441094	6
0.442031	3
0.442969	3
0.443906	4
0.444844	2
0.445781	3
0.446719	3
0.447656	1
0.448594	3
0.449531	3
0.450469	4
0.451406	0
0.452344	4
0.453281	1
0.454219	1
0.455156	1
0.456094	1
0.457031	9
0.457969	2
0.458906	0
0.459844	1
0.460781	3
0.461719	0
0.462656	3
0.463594	2
0.464531	1
0.465469	2
0.466406	1
0.467344	2
0.468281	1
0.469219	0
0.470156	1
0.471094	1
0.472031	2
0.472969	1
0.473906	1
0.474844	1
0.475781	1
0.476719	0
0.477656	2
0.478594	1
0.479531	3
0.480469	0
0.481406	1
0.482344	3
0.483281	2
0.484219	0
0.485156	0
0.486094	0
0.487031	3
0.487969	1
0.488906	1
0.489844	2
0.490781	2
0.491719	2
0.492656	0
0.493594	0
0.494531	1
0.495469	0
0.496406	1
0.497344	2
0.498281	0
0.499219	1
0.500156	0
0.501094	2
0.502031	1
0.502969	0
0.503906	0
0.504844	1
0.505781	1
0.506719	2
0.507656	0
0.508594	0
0.509531	0
0.510469	0
0.511406	1
0.512344	2
0.513281	0
0.514219	1
0.515156	1
0.516094	1
0.517031	0
0.517969	1
0.518906	0
0.519844	0
0.520781	0
0.521719	0
0.522656	1
0.523594	1
0.524531	1
0.525469	1
0.526406	0
0.527344	0
0.528281	0
0.529219	0
0.530156	1
0.531094	0
0.532031	0
0.532969	0
0.533906	1
0.534844	0
0.535781	1
0.536719	0
0.537656	0
0.538594	0
0.539531	1
0.540469	1
0.541406	0
0.542344	0
0.543281	0
0.544219	0
0.545156	0
0.546094	0
0.547031	1
0.547969	1
0.548906	0
0.549844	0
0.550781	0
0.551719	0
0.552656	0
0.553594	0
0.554531	0
0.555469	0
0.556406	0
0.557344	1
0.558281	0
0.559219	0
0.560156	0
0.561094	0
0.562031	0
0.562969	0
0.563906	1
0.564844	0
0.565781	0
0.566719	0
0.567656	0
0.568594	0
0.569531	0
0.570469	0
0.571406	0
0.572344	0
0.573281	0
0.574219	0
0.575156	1
0.576094	0
0.577031	0
0.577969	0
0.578906	0
0.579844	0
0.580781	0
0.581719	0
0.582656	0
0.583594	0
0.584531	0
0.585469	0
0.586406	0
0.587344	0
0.588281	0
0.589219	0
0.590156	0
0.591094	0
0.592031	0
0.592969	0
0.593906	0
0.594844	0
0.595781	0
0.596719	0
0.597656	1
0.598594	0
